<!DOCTYPE html>
<html><head data-gwd-animation-mode="proMode"><meta name="GCD" content="YTk3ODQ3ZWZhN2I4NzZmMzBkNTEwYjJlb9ebacd5ef03e6455d7893eb4e610d38"/>
  <title>EXPLODING KNEES</title>
  <meta http-equiv="Content-Type" content="text/html; charset=utf-8">
  <meta name="generator" content="Google Web Designer 1.2.0.1203">
  <link rel="stylesheet" type="text/css" href="style.css"></link>
  <style type="text/css">html,
body {
    width: 100%;
    height: 100%;
    margin: 0px;
}
body {
    -webkit-transform: matrix3d(1, 0, 0, 0, 0, 1, 0, 0, 0, 0, 1, 0, 0, 0, 0, 1);
    -moz-transform: matrix3d(1, 0, 0, 0, 0, 1, 0, 0, 0, 0, 1, 0, 0, 0, 0, 1);
    transform: matrix3d(1, 0, 0, 0, 0, 1, 0, 0, 0, 0, 1, 0, 0, 0, 0, 1);
    -webkit-perspective: 1400px;
    -moz-perspective: 1400px;
    perspective: 1400px;
    -webkit-transform-style: preserve-3d;
    -moz-transform-style: preserve-3d;
    transform-style: preserve-3d;
    background-color: transparent;
}
.gwd-div-23hz {
    position: absolute;
    font-family: fantasy;
    text-align: left;
    color: rgb(255, 0, 255);
    font-weight: bold;
    font-size: 40px;
    left: 209px;
    -webkit-transform-style: preserve-3d;
    -moz-transform-style: preserve-3d;
    transform-style: preserve-3d;
    -webkit-transform: matrix3d(0.630355759, -0.7763063938, 0, 0, 0.7763063938, 0.630355759, 0, 0, 0, 0, 1, 0, 0, 0, 0, 1);
    -moz-transform: matrix3d(0.630355759, -0.7763063938, 0, 0, 0.7763063938, 0.630355759, 0, 0, 0, 0, 1, 0, 0, 0, 0, 1);
    transform: matrix3d(0.630355759, -0.7763063938, 0, 0, 0.7763063938, 0.630355759, 0, 0, 0, 0, 1, 0, 0, 0, 0, 1);
    -webkit-transform-origin: 50% 50%;
    -moz-transform-origin: 50% 50%;
    transform-origin: 50% 50%;
    top: 207px;
}
.gwd-span-s8cs {
    font-size: 70px;
    -webkit-transform: matrix3d(1, 0, 0, 0, 0, 1, 0, 0, 0, 0, 1, 0, 0, 0, 0, 1);
    -moz-transform: matrix3d(1, 0, 0, 0, 0, 1, 0, 0, 0, 0, 1, 0, 0, 0, 0, 1);
    transform: matrix3d(1, 0, 0, 0, 0, 1, 0, 0, 0, 0, 1, 0, 0, 0, 0, 1);
    -webkit-transform-style: preserve-3d;
    -moz-transform-style: preserve-3d;
    transform-style: preserve-3d;
}
a:link {
    color: rgb(255, 0, 255);
    text-decoration: none;
}
a:visited {
    color: rgb(255, 0, 255);
}
@-webkit-keyframes gwd-empty-animation {
    0% {
        opacity: 0.001;
    }
    100% {
        opacity: 0;
    }
}
@-moz-keyframes gwd-empty-animation {
    0% {
        opacity: 0.001;
    }
    100% {
        opacity: 0;
    }
}
@keyframes gwd-empty-animation {
    0% {
        opacity: 0.001;
    }
    100% {
        opacity: 0;
    }
}
.gwd-div-23hz .event-2-animation {
    -webkit-animation: gwd-empty-animation 1.2s linear 0s 1 normal forwards;
    -moz-animation: gwd-empty-animation 1.2s linear 0s 1 normal forwards;
    animation: gwd-empty-animation 1.2s linear 0s 1 normal forwards;
}
.gwd-div-23hz.label-1 .event-2-animation {
    -webkit-animation: gwd-empty-animation-label-1 1.2s linear -1.2s 1 normal forwards;
    -moz-animation: gwd-empty-animation-label-1 1.2s linear -1.2s 1 normal forwards;
    animation: gwd-empty-animation-label-1 1.2s linear -1.2s 1 normal forwards;
}
@-webkit-keyframes gwd-empty-animation-label-1 {
    0% {
        opacity: 0.001;
    }
    100% {
        opacity: 0;
    }
}
@-moz-keyframes gwd-empty-animation-label-1 {
    0% {
        opacity: 0.001;
    }
    100% {
        opacity: 0;
    }
}
@keyframes gwd-empty-animation-label-1 {
    0% {
        opacity: 0.001;
    }
    100% {
        opacity: 0;
    }
}
@-webkit-keyframes gwd-gen-fu0zgwdanimation_gwd-keyframes {
    0% {
        -webkit-transform: matrix3d(0.630355759, -0.7763063938, 0, 0, 0.7763063938, 0.630355759, 0, 0, 0, 0, 1, 0, 0, 0, 0, 1);
        -webkit-transform-origin: 50% 50%;
        top: 207px;
        -webkit-animation-timing-function: linear;
    }
    11.9% {
        -webkit-transform: matrix3d(0.9998229068, 0.0188190055, 0, 0, -0.0188190055, 0.9998229068, 0, 0, 0, 0, 1, 0, 0, 0, 0, 1);
        -webkit-transform-origin: 50% 50%;
        top: 207px;
        -webkit-animation-timing-function: linear;
    }
    23.81% {
        -webkit-transform: matrix3d(-0.7152834537, 0.6988011598, 0, 0, -0.6988011598, -0.7152834537, 0, 0, 0, 0, 1, 0, 277.1026566512, 48.14316655, 0, 1);
        -webkit-transform-origin: 240px 43px 0px;
        top: 207px;
        -webkit-animation-timing-function: linear;
    }
    45.24% {
        -webkit-transform: matrix3d(0.5525351709, 0.8334749036, 0, 0, -0.8334749036, 0.5525351709, 0, 0, 0, 0, 1, 0, 325.1027, 6.1432, 0, 1);
        -webkit-transform-origin: 240px 43px;
        top: 207px;
        -webkit-animation-timing-function: linear;
    }
    50% {
        -webkit-transform: matrix3d(0.8443948515, -0.5357012552, 0, 0, 0.5357012552, 0.8443948515, 0, 0, 0, 0, 1, 0, -266.8973, 136.1432, 0, 1);
        -webkit-transform-origin: 240px 43px;
        top: 207px;
        -webkit-animation-timing-function: linear;
    }
    61.9% {
        -webkit-transform: matrix3d(0.8444, -0.5357, 0, 0, 0.5357, 0.8444, 0, 0, 0, 0, 1, 0, -181.8973, -96.8568, 0, 1);
        -webkit-transform-origin: 240px 43px;
        top: 207px;
        -webkit-animation-timing-function: linear;
    }
    66.67% {
        -webkit-transform: matrix3d(-0.781854737, 0.6210097092, -0.0550999484, 0, -0.5454612215, -0.6385744363, 0.5428487499, 0, 0.3019289257, 0.4544837516, 0.8380210204, 0, -181.8973, -96.8568, 0, 1);
        -webkit-transform-origin: 240px 43px;
        top: 207px;
        -webkit-animation-timing-function: linear;
    }
    71.43% {
        -webkit-transform: matrix3d(-0.5496544379, -0.8065038452, -0.2178918695, 0, -0.1801003921, -0.1403112997, 0.9735494472, 0, -0.8157973508, 0.5743565939, -0.0680915353, 0, -181.8973, -96.8568, 0, 1);
        -webkit-transform-origin: 240px 43px;
        top: 207px;
        -webkit-animation-timing-function: linear;
    }
    78.57% {
        -webkit-transform: matrix3d(-0.9057848829, -0.3692250184, -0.2082095723, 0, -0.2178639872, -0.0158957165, 0.9757629167, 0, -0.3636272389, 0.9292372743, -0.0659982914, 0, -8.8807335224, 1772.8932857885, -1753.795227987, 1);
        -webkit-transform-origin: 391.4283804145px -1736.4738297854px 0.0893586035px;
        top: 207px;
        -webkit-animation-timing-function: linear;
    }
    83.33% {
        -webkit-transform: matrix3d(0.5379718041, -0.8312770873, 0.1398312865, 0, -0.271320387, -0.0136211797, 0.962356377, 0, -0.7982046077, -0.5556680282, -0.2328224535, 0, -0.2434839831, 1726.9714249001, -1722.2491014824, 1);
        -webkit-transform-origin: 504.6916549562px -1713.0300505072px -36.4653341061px;
        top: 207px;
        -webkit-animation-timing-function: linear;
    }
    92.86% {
        -webkit-transform: matrix3d(0.6343184111, 0.6972462855, 0.3340425487, 0, -0.1052504019, -0.3502031756, 0.9307096332, 0, 0.7659852715, -0.6255017933, -0.1488247098, 0, 161.0791283521, 24.7411155024, -114.2041366407, 1);
        -webkit-transform-origin: 240px 43px 0px;
        top: 207px;
        -webkit-animation-timing-function: linear;
    }
    100% {
        -webkit-transform: matrix3d(0.6343, 0.6972, 0.334, 0, -0.5811714657, 0.7149391936, -0.3887074074, 0, -0.5099841345, 0.0524617908, 0.8586329143, 0, 161.0791, 24.7411, -114.2041, 1);
        -webkit-transform-origin: 240px 43px;
        top: 207px;
        -webkit-animation-timing-function: linear;
    }
}
@-moz-keyframes gwd-gen-fu0zgwdanimation_gwd-keyframes {
    0% {
        -moz-transform: matrix3d(0.630355759, -0.7763063938, 0, 0, 0.7763063938, 0.630355759, 0, 0, 0, 0, 1, 0, 0, 0, 0, 1);
        -moz-transform-origin: 50% 50%;
        top: 207px;
        -moz-animation-timing-function: linear;
    }
    11.9% {
        -moz-transform: matrix3d(0.9998229068, 0.0188190055, 0, 0, -0.0188190055, 0.9998229068, 0, 0, 0, 0, 1, 0, 0, 0, 0, 1);
        -moz-transform-origin: 50% 50%;
        top: 207px;
        -moz-animation-timing-function: linear;
    }
    23.81% {
        -moz-transform: matrix3d(-0.7152834537, 0.6988011598, 0, 0, -0.6988011598, -0.7152834537, 0, 0, 0, 0, 1, 0, 277.1026566512, 48.14316655, 0, 1);
        -moz-transform-origin: 240px 43px 0px;
        top: 207px;
        -moz-animation-timing-function: linear;
    }
    45.24% {
        -moz-transform: matrix3d(0.5525351709, 0.8334749036, 0, 0, -0.8334749036, 0.5525351709, 0, 0, 0, 0, 1, 0, 325.1027, 6.1432, 0, 1);
        -moz-transform-origin: 240px 43px;
        top: 207px;
        -moz-animation-timing-function: linear;
    }
    50% {
        -moz-transform: matrix3d(0.8443948515, -0.5357012552, 0, 0, 0.5357012552, 0.8443948515, 0, 0, 0, 0, 1, 0, -266.8973, 136.1432, 0, 1);
        -moz-transform-origin: 240px 43px;
        top: 207px;
        -moz-animation-timing-function: linear;
    }
    61.9% {
        -moz-transform: matrix3d(0.8444, -0.5357, 0, 0, 0.5357, 0.8444, 0, 0, 0, 0, 1, 0, -181.8973, -96.8568, 0, 1);
        -moz-transform-origin: 240px 43px;
        top: 207px;
        -moz-animation-timing-function: linear;
    }
    66.67% {
        -moz-transform: matrix3d(-0.781854737, 0.6210097092, -0.0550999484, 0, -0.5454612215, -0.6385744363, 0.5428487499, 0, 0.3019289257, 0.4544837516, 0.8380210204, 0, -181.8973, -96.8568, 0, 1);
        -moz-transform-origin: 240px 43px;
        top: 207px;
        -moz-animation-timing-function: linear;
    }
    71.43% {
        -moz-transform: matrix3d(-0.5496544379, -0.8065038452, -0.2178918695, 0, -0.1801003921, -0.1403112997, 0.9735494472, 0, -0.8157973508, 0.5743565939, -0.0680915353, 0, -181.8973, -96.8568, 0, 1);
        -moz-transform-origin: 240px 43px;
        top: 207px;
        -moz-animation-timing-function: linear;
    }
    78.57% {
        -moz-transform: matrix3d(-0.9057848829, -0.3692250184, -0.2082095723, 0, -0.2178639872, -0.0158957165, 0.9757629167, 0, -0.3636272389, 0.9292372743, -0.0659982914, 0, -8.8807335224, 1772.8932857885, -1753.795227987, 1);
        -moz-transform-origin: 391.4283804145px -1736.4738297854px 0.0893586035px;
        top: 207px;
        -moz-animation-timing-function: linear;
    }
    83.33% {
        -moz-transform: matrix3d(0.5379718041, -0.8312770873, 0.1398312865, 0, -0.271320387, -0.0136211797, 0.962356377, 0, -0.7982046077, -0.5556680282, -0.2328224535, 0, -0.2434839831, 1726.9714249001, -1722.2491014824, 1);
        -moz-transform-origin: 504.6916549562px -1713.0300505072px -36.4653341061px;
        top: 207px;
        -moz-animation-timing-function: linear;
    }
    92.86% {
        -moz-transform: matrix3d(0.6343184111, 0.6972462855, 0.3340425487, 0, -0.1052504019, -0.3502031756, 0.9307096332, 0, 0.7659852715, -0.6255017933, -0.1488247098, 0, 161.0791283521, 24.7411155024, -114.2041366407, 1);
        -moz-transform-origin: 240px 43px 0px;
        top: 207px;
        -moz-animation-timing-function: linear;
    }
    100% {
        -moz-transform: matrix3d(0.6343, 0.6972, 0.334, 0, -0.5811714657, 0.7149391936, -0.3887074074, 0, -0.5099841345, 0.0524617908, 0.8586329143, 0, 161.0791, 24.7411, -114.2041, 1);
        -moz-transform-origin: 240px 43px;
        top: 207px;
        -moz-animation-timing-function: linear;
    }
}
@keyframes gwd-gen-fu0zgwdanimation_gwd-keyframes {
    0% {
        transform: matrix3d(0.630355759, -0.7763063938, 0, 0, 0.7763063938, 0.630355759, 0, 0, 0, 0, 1, 0, 0, 0, 0, 1);
        transform-origin: 50% 50%;
        top: 207px;
        animation-timing-function: linear;
    }
    11.9% {
        transform: matrix3d(0.9998229068, 0.0188190055, 0, 0, -0.0188190055, 0.9998229068, 0, 0, 0, 0, 1, 0, 0, 0, 0, 1);
        transform-origin: 50% 50%;
        top: 207px;
        animation-timing-function: linear;
    }
    23.81% {
        transform: matrix3d(-0.7152834537, 0.6988011598, 0, 0, -0.6988011598, -0.7152834537, 0, 0, 0, 0, 1, 0, 277.1026566512, 48.14316655, 0, 1);
        transform-origin: 240px 43px 0px;
        top: 207px;
        animation-timing-function: linear;
    }
    45.24% {
        transform: matrix3d(0.5525351709, 0.8334749036, 0, 0, -0.8334749036, 0.5525351709, 0, 0, 0, 0, 1, 0, 325.1027, 6.1432, 0, 1);
        transform-origin: 240px 43px;
        top: 207px;
        animation-timing-function: linear;
    }
    50% {
        transform: matrix3d(0.8443948515, -0.5357012552, 0, 0, 0.5357012552, 0.8443948515, 0, 0, 0, 0, 1, 0, -266.8973, 136.1432, 0, 1);
        transform-origin: 240px 43px;
        top: 207px;
        animation-timing-function: linear;
    }
    61.9% {
        transform: matrix3d(0.8444, -0.5357, 0, 0, 0.5357, 0.8444, 0, 0, 0, 0, 1, 0, -181.8973, -96.8568, 0, 1);
        transform-origin: 240px 43px;
        top: 207px;
        animation-timing-function: linear;
    }
    66.67% {
        transform: matrix3d(-0.781854737, 0.6210097092, -0.0550999484, 0, -0.5454612215, -0.6385744363, 0.5428487499, 0, 0.3019289257, 0.4544837516, 0.8380210204, 0, -181.8973, -96.8568, 0, 1);
        transform-origin: 240px 43px;
        top: 207px;
        animation-timing-function: linear;
    }
    71.43% {
        transform: matrix3d(-0.5496544379, -0.8065038452, -0.2178918695, 0, -0.1801003921, -0.1403112997, 0.9735494472, 0, -0.8157973508, 0.5743565939, -0.0680915353, 0, -181.8973, -96.8568, 0, 1);
        transform-origin: 240px 43px;
        top: 207px;
        animation-timing-function: linear;
    }
    78.57% {
        transform: matrix3d(-0.9057848829, -0.3692250184, -0.2082095723, 0, -0.2178639872, -0.0158957165, 0.9757629167, 0, -0.3636272389, 0.9292372743, -0.0659982914, 0, -8.8807335224, 1772.8932857885, -1753.795227987, 1);
        transform-origin: 391.4283804145px -1736.4738297854px 0.0893586035px;
        top: 207px;
        animation-timing-function: linear;
    }
    83.33% {
        transform: matrix3d(0.5379718041, -0.8312770873, 0.1398312865, 0, -0.271320387, -0.0136211797, 0.962356377, 0, -0.7982046077, -0.5556680282, -0.2328224535, 0, -0.2434839831, 1726.9714249001, -1722.2491014824, 1);
        transform-origin: 504.6916549562px -1713.0300505072px -36.4653341061px;
        top: 207px;
        animation-timing-function: linear;
    }
    92.86% {
        transform: matrix3d(0.6343184111, 0.6972462855, 0.3340425487, 0, -0.1052504019, -0.3502031756, 0.9307096332, 0, 0.7659852715, -0.6255017933, -0.1488247098, 0, 161.0791283521, 24.7411155024, -114.2041366407, 1);
        transform-origin: 240px 43px 0px;
        top: 207px;
        animation-timing-function: linear;
    }
    100% {
        transform: matrix3d(0.6343, 0.6972, 0.334, 0, -0.5811714657, 0.7149391936, -0.3887074074, 0, -0.5099841345, 0.0524617908, 0.8586329143, 0, 161.0791, 24.7411, -114.2041, 1);
        transform-origin: 240px 43px;
        top: 207px;
        animation-timing-function: linear;
    }
}
.gwd-div-9rqj {
    position: absolute;
    font-family: cursive;
    text-align: left;
    color: rgb(0, 0, 0);
    font-size: 115px;
    left: 161px;
    top: 333px;
    -webkit-transform: matrix3d(1, 0, 0, 0, 0, 1, 0, 0, 0, 0, 1, 0, 0, 0, 0, 1);
    -moz-transform: matrix3d(1, 0, 0, 0, 0, 1, 0, 0, 0, 0, 1, 0, 0, 0, 0, 1);
    transform: matrix3d(1, 0, 0, 0, 0, 1, 0, 0, 0, 0, 1, 0, 0, 0, 0, 1);
    -webkit-transform-style: preserve-3d;
    -moz-transform-style: preserve-3d;
    transform-style: preserve-3d;
}
.gwd-span-6j4z {
    color: rgb(4, 255, 0);
}
@-webkit-keyframes gwd-gen-m52kgwdanimation_gwd-keyframes {
    0% {
        left: 161px;
        top: 333px;
        -webkit-transform: matrix3d(1, 0, 0, 0, 0, 1, 0, 0, 0, 0, 1, 0, 0, 0, 0, 1);
        -webkit-animation-timing-function: linear;
    }
    2.38% {
        left: 522px;
        top: 367.363px;
        -webkit-transform: matrix3d(1, 0, 0, 0, 0, 1, 0, 0, 0, 0, 1, 0, 0, 0, 0, 1);
        -webkit-animation-timing-function: linear;
    }
    9.52% {
        left: 522px;
        top: 367.363px;
        -webkit-transform: matrix3d(0.8505293791, -0.1533997557, 0.5030589333, 0, 0.3104085156, 0.918565922, -0.244710442, 0, -0.4245542708, 0.3642871969, 0.8288838936, 0, 0, 0, 0, 1);
        -webkit-animation-timing-function: linear;
    }
    16.67% {
        left: 522px;
        top: 367.363px;
        -webkit-transform: matrix3d(0.8505, -0.1534, 0.5031, 0, 0.3104, 0.9186, -0.2447, 0, -0.4246, 0.3643, 0.8289, 0, -514.963528223, -233.6408600271, 0, 1);
        -webkit-animation-timing-function: linear;
    }
    28.57% {
        left: 522px;
        top: 367.363px;
        -webkit-transform: matrix3d(-0.6644921205, 0.3937658124, 0.6351832715, 0, -0.6899082924, -0.6498534096, -0.3189495313, 0, 0.2871590847, -0.650162319, 0.7034744616, 0, -488.6447387554, -115.2064743993, 0, 1);
        -webkit-animation-timing-function: linear;
    }
    38.1% {
        left: 522px;
        top: 367.363px;
        -webkit-transform: matrix3d(0.0426229836, 0.9618306249, -0.2706878512, 0, -0.8406953352, 0.1809602618, 0.5104524755, 0, 0.539833988, 0.2057759042, 0.8162443614, 0, -371.9817365257, -163.8160681143, 0, 1);
        -webkit-animation-timing-function: linear;
    }
    50% {
        left: 522px;
        top: 367.363px;
        -webkit-transform: matrix3d(-0.3301800525, 0.074782782, 0.9410284243, 0, -0.9260926939, 0.1672043466, -0.3381406929, 0, -0.1825068355, -0.983170444, 0.0140554774, 0, -128.6228624648, -131.4336740377, 0, 1);
        -webkit-animation-timing-function: linear;
    }
    52.38% {
        left: 522px;
        top: 367.363px;
        -webkit-transform: matrix3d(0.9904950759, 0.0353902815, 0.1327117215, 0, -0.0419908698, 0.9981603941, 0.0464108865, 0, -0.1309800417, -0.051541009, 0.9900631538, 0, -128.6229, -131.4337, 0, 1);
        -webkit-animation-timing-function: linear;
    }
    54.76% {
        left: 522px;
        top: 367.363px;
        -webkit-transform: matrix3d(0.9921298785, 0.0360710814, 0.1197286227, 0, -0.0368119111, 0.9994759288, 0.0030962156, 0, -0.1197432145, -0.0074427724, 0.9928321763, 0, -515.2155898838, -367.6287115739, 0, 1);
        -webkit-animation-timing-function: linear;
    }
    57.14% {
        left: 522px;
        top: 367.363px;
        -webkit-transform: matrix3d(0.9921, 0.0361, 0.1197, 0, -0.0368, 0.9995, 0.0031, 0, -0.1197, -0.0074, 0.9928, 0, -12.6380686207, -352.875934891, 0, 1);
        -webkit-animation-timing-function: linear;
    }
    59.52% {
        left: 522px;
        top: 367.363px;
        -webkit-transform: matrix3d(0.9921, 0.0361, 0.1197, 0, -0.0368, 0.9995, 0.0031, 0, -0.1197, -0.0074, 0.9928, 0, 4.1477119045, 31.2229724027, 0, 1);
        -webkit-animation-timing-function: linear;
    }
    61.9% {
        left: 522px;
        top: 367.363px;
        -webkit-transform: matrix3d(0.9921, 0.0361, 0.1197, 0, -0.0368, 0.9995, 0.0031, 0, -0.1197, -0.0074, 0.9928, 0, -514.1803318743, 41.3268602705, 0, 1);
        -webkit-animation-timing-function: linear;
    }
    64.29% {
        left: 522px;
        top: 367.363px;
        -webkit-transform: matrix3d(0.9982501437, 0.0368262625, -0.0458008766, 0, -0.0191974361, 0.9402525192, 0.3404763556, 0, 0.0554332846, -0.339009213, 0.9391313385, 0, -514.1803, 41.3269, 0, 1);
        -webkit-animation-timing-function: linear;
    }
    71.43% {
        left: 522px;
        top: 367.363px;
        -webkit-transform: matrix3d(0.2360691624, -0.1083538537, -0.9657263922, 0, -0.2019917225, 0.9668262018, -0.1576072183, 0, 0.9505321587, 0.2322624978, 0.2061048279, 0, -116.3694196473, -233.5424268769, 0, 1);
        -webkit-animation-timing-function: linear;
    }
    80.95% {
        left: 522px;
        top: 367.363px;
        -webkit-transform: matrix3d(0.6056552879, -0.0034250161, -0.79583945, 0, 0.0942693814, -0.9928592193, 0.0757403706, 0, -0.7901217728, -0.120974914, -0.600661657, 0, -469.9961515619, -205.3930068408, 0, 1);
        -webkit-animation-timing-function: linear;
    }
    100% {
        left: 522px;
        top: 367.363px;
        -webkit-transform: matrix3d(0.9734210218, -0.200361697, -0.1115740999, 0, 0.206141444, 0.9777455922, 0.0444988518, 0, 0.0999009983, -0.0661189636, 0.9926931512, 0, -37.8396743059, -71.8510693134, 0, 1);
        -webkit-animation-timing-function: linear;
    }
}
@-moz-keyframes gwd-gen-m52kgwdanimation_gwd-keyframes {
    0% {
        left: 161px;
        top: 333px;
        -moz-transform: matrix3d(1, 0, 0, 0, 0, 1, 0, 0, 0, 0, 1, 0, 0, 0, 0, 1);
        -moz-animation-timing-function: linear;
    }
    2.38% {
        left: 522px;
        top: 367.363px;
        -moz-transform: matrix3d(1, 0, 0, 0, 0, 1, 0, 0, 0, 0, 1, 0, 0, 0, 0, 1);
        -moz-animation-timing-function: linear;
    }
    9.52% {
        left: 522px;
        top: 367.363px;
        -moz-transform: matrix3d(0.8505293791, -0.1533997557, 0.5030589333, 0, 0.3104085156, 0.918565922, -0.244710442, 0, -0.4245542708, 0.3642871969, 0.8288838936, 0, 0, 0, 0, 1);
        -moz-animation-timing-function: linear;
    }
    16.67% {
        left: 522px;
        top: 367.363px;
        -moz-transform: matrix3d(0.8505, -0.1534, 0.5031, 0, 0.3104, 0.9186, -0.2447, 0, -0.4246, 0.3643, 0.8289, 0, -514.963528223, -233.6408600271, 0, 1);
        -moz-animation-timing-function: linear;
    }
    28.57% {
        left: 522px;
        top: 367.363px;
        -moz-transform: matrix3d(-0.6644921205, 0.3937658124, 0.6351832715, 0, -0.6899082924, -0.6498534096, -0.3189495313, 0, 0.2871590847, -0.650162319, 0.7034744616, 0, -488.6447387554, -115.2064743993, 0, 1);
        -moz-animation-timing-function: linear;
    }
    38.1% {
        left: 522px;
        top: 367.363px;
        -moz-transform: matrix3d(0.0426229836, 0.9618306249, -0.2706878512, 0, -0.8406953352, 0.1809602618, 0.5104524755, 0, 0.539833988, 0.2057759042, 0.8162443614, 0, -371.9817365257, -163.8160681143, 0, 1);
        -moz-animation-timing-function: linear;
    }
    50% {
        left: 522px;
        top: 367.363px;
        -moz-transform: matrix3d(-0.3301800525, 0.074782782, 0.9410284243, 0, -0.9260926939, 0.1672043466, -0.3381406929, 0, -0.1825068355, -0.983170444, 0.0140554774, 0, -128.6228624648, -131.4336740377, 0, 1);
        -moz-animation-timing-function: linear;
    }
    52.38% {
        left: 522px;
        top: 367.363px;
        -moz-transform: matrix3d(0.9904950759, 0.0353902815, 0.1327117215, 0, -0.0419908698, 0.9981603941, 0.0464108865, 0, -0.1309800417, -0.051541009, 0.9900631538, 0, -128.6229, -131.4337, 0, 1);
        -moz-animation-timing-function: linear;
    }
    54.76% {
        left: 522px;
        top: 367.363px;
        -moz-transform: matrix3d(0.9921298785, 0.0360710814, 0.1197286227, 0, -0.0368119111, 0.9994759288, 0.0030962156, 0, -0.1197432145, -0.0074427724, 0.9928321763, 0, -515.2155898838, -367.6287115739, 0, 1);
        -moz-animation-timing-function: linear;
    }
    57.14% {
        left: 522px;
        top: 367.363px;
        -moz-transform: matrix3d(0.9921, 0.0361, 0.1197, 0, -0.0368, 0.9995, 0.0031, 0, -0.1197, -0.0074, 0.9928, 0, -12.6380686207, -352.875934891, 0, 1);
        -moz-animation-timing-function: linear;
    }
    59.52% {
        left: 522px;
        top: 367.363px;
        -moz-transform: matrix3d(0.9921, 0.0361, 0.1197, 0, -0.0368, 0.9995, 0.0031, 0, -0.1197, -0.0074, 0.9928, 0, 4.1477119045, 31.2229724027, 0, 1);
        -moz-animation-timing-function: linear;
    }
    61.9% {
        left: 522px;
        top: 367.363px;
        -moz-transform: matrix3d(0.9921, 0.0361, 0.1197, 0, -0.0368, 0.9995, 0.0031, 0, -0.1197, -0.0074, 0.9928, 0, -514.1803318743, 41.3268602705, 0, 1);
        -moz-animation-timing-function: linear;
    }
    64.29% {
        left: 522px;
        top: 367.363px;
        -moz-transform: matrix3d(0.9982501437, 0.0368262625, -0.0458008766, 0, -0.0191974361, 0.9402525192, 0.3404763556, 0, 0.0554332846, -0.339009213, 0.9391313385, 0, -514.1803, 41.3269, 0, 1);
        -moz-animation-timing-function: linear;
    }
    71.43% {
        left: 522px;
        top: 367.363px;
        -moz-transform: matrix3d(0.2360691624, -0.1083538537, -0.9657263922, 0, -0.2019917225, 0.9668262018, -0.1576072183, 0, 0.9505321587, 0.2322624978, 0.2061048279, 0, -116.3694196473, -233.5424268769, 0, 1);
        -moz-animation-timing-function: linear;
    }
    80.95% {
        left: 522px;
        top: 367.363px;
        -moz-transform: matrix3d(0.6056552879, -0.0034250161, -0.79583945, 0, 0.0942693814, -0.9928592193, 0.0757403706, 0, -0.7901217728, -0.120974914, -0.600661657, 0, -469.9961515619, -205.3930068408, 0, 1);
        -moz-animation-timing-function: linear;
    }
    100% {
        left: 522px;
        top: 367.363px;
        -moz-transform: matrix3d(0.9734210218, -0.200361697, -0.1115740999, 0, 0.206141444, 0.9777455922, 0.0444988518, 0, 0.0999009983, -0.0661189636, 0.9926931512, 0, -37.8396743059, -71.8510693134, 0, 1);
        -moz-animation-timing-function: linear;
    }
}
@keyframes gwd-gen-m52kgwdanimation_gwd-keyframes {
    0% {
        left: 161px;
        top: 333px;
        transform: matrix3d(1, 0, 0, 0, 0, 1, 0, 0, 0, 0, 1, 0, 0, 0, 0, 1);
        animation-timing-function: linear;
    }
    2.38% {
        left: 522px;
        top: 367.363px;
        transform: matrix3d(1, 0, 0, 0, 0, 1, 0, 0, 0, 0, 1, 0, 0, 0, 0, 1);
        animation-timing-function: linear;
    }
    9.52% {
        left: 522px;
        top: 367.363px;
        transform: matrix3d(0.8505293791, -0.1533997557, 0.5030589333, 0, 0.3104085156, 0.918565922, -0.244710442, 0, -0.4245542708, 0.3642871969, 0.8288838936, 0, 0, 0, 0, 1);
        animation-timing-function: linear;
    }
    16.67% {
        left: 522px;
        top: 367.363px;
        transform: matrix3d(0.8505, -0.1534, 0.5031, 0, 0.3104, 0.9186, -0.2447, 0, -0.4246, 0.3643, 0.8289, 0, -514.963528223, -233.6408600271, 0, 1);
        animation-timing-function: linear;
    }
    28.57% {
        left: 522px;
        top: 367.363px;
        transform: matrix3d(-0.6644921205, 0.3937658124, 0.6351832715, 0, -0.6899082924, -0.6498534096, -0.3189495313, 0, 0.2871590847, -0.650162319, 0.7034744616, 0, -488.6447387554, -115.2064743993, 0, 1);
        animation-timing-function: linear;
    }
    38.1% {
        left: 522px;
        top: 367.363px;
        transform: matrix3d(0.0426229836, 0.9618306249, -0.2706878512, 0, -0.8406953352, 0.1809602618, 0.5104524755, 0, 0.539833988, 0.2057759042, 0.8162443614, 0, -371.9817365257, -163.8160681143, 0, 1);
        animation-timing-function: linear;
    }
    50% {
        left: 522px;
        top: 367.363px;
        transform: matrix3d(-0.3301800525, 0.074782782, 0.9410284243, 0, -0.9260926939, 0.1672043466, -0.3381406929, 0, -0.1825068355, -0.983170444, 0.0140554774, 0, -128.6228624648, -131.4336740377, 0, 1);
        animation-timing-function: linear;
    }
    52.38% {
        left: 522px;
        top: 367.363px;
        transform: matrix3d(0.9904950759, 0.0353902815, 0.1327117215, 0, -0.0419908698, 0.9981603941, 0.0464108865, 0, -0.1309800417, -0.051541009, 0.9900631538, 0, -128.6229, -131.4337, 0, 1);
        animation-timing-function: linear;
    }
    54.76% {
        left: 522px;
        top: 367.363px;
        transform: matrix3d(0.9921298785, 0.0360710814, 0.1197286227, 0, -0.0368119111, 0.9994759288, 0.0030962156, 0, -0.1197432145, -0.0074427724, 0.9928321763, 0, -515.2155898838, -367.6287115739, 0, 1);
        animation-timing-function: linear;
    }
    57.14% {
        left: 522px;
        top: 367.363px;
        transform: matrix3d(0.9921, 0.0361, 0.1197, 0, -0.0368, 0.9995, 0.0031, 0, -0.1197, -0.0074, 0.9928, 0, -12.6380686207, -352.875934891, 0, 1);
        animation-timing-function: linear;
    }
    59.52% {
        left: 522px;
        top: 367.363px;
        transform: matrix3d(0.9921, 0.0361, 0.1197, 0, -0.0368, 0.9995, 0.0031, 0, -0.1197, -0.0074, 0.9928, 0, 4.1477119045, 31.2229724027, 0, 1);
        animation-timing-function: linear;
    }
    61.9% {
        left: 522px;
        top: 367.363px;
        transform: matrix3d(0.9921, 0.0361, 0.1197, 0, -0.0368, 0.9995, 0.0031, 0, -0.1197, -0.0074, 0.9928, 0, -514.1803318743, 41.3268602705, 0, 1);
        animation-timing-function: linear;
    }
    64.29% {
        left: 522px;
        top: 367.363px;
        transform: matrix3d(0.9982501437, 0.0368262625, -0.0458008766, 0, -0.0191974361, 0.9402525192, 0.3404763556, 0, 0.0554332846, -0.339009213, 0.9391313385, 0, -514.1803, 41.3269, 0, 1);
        animation-timing-function: linear;
    }
    71.43% {
        left: 522px;
        top: 367.363px;
        transform: matrix3d(0.2360691624, -0.1083538537, -0.9657263922, 0, -0.2019917225, 0.9668262018, -0.1576072183, 0, 0.9505321587, 0.2322624978, 0.2061048279, 0, -116.3694196473, -233.5424268769, 0, 1);
        animation-timing-function: linear;
    }
    80.95% {
        left: 522px;
        top: 367.363px;
        transform: matrix3d(0.6056552879, -0.0034250161, -0.79583945, 0, 0.0942693814, -0.9928592193, 0.0757403706, 0, -0.7901217728, -0.120974914, -0.600661657, 0, -469.9961515619, -205.3930068408, 0, 1);
        animation-timing-function: linear;
    }
    100% {
        left: 522px;
        top: 367.363px;
        transform: matrix3d(0.9734210218, -0.200361697, -0.1115740999, 0, 0.206141444, 0.9777455922, 0.0444988518, 0, 0.0999009983, -0.0661189636, 0.9926931512, 0, -37.8396743059, -71.8510693134, 0, 1);
        animation-timing-function: linear;
    }
}
body .gwd-gen-m52kgwdanimation {
    -webkit-animation: gwd-gen-m52kgwdanimation_gwd-keyframes 4.2s linear 0s infinite normal forwards;
    -moz-animation: gwd-gen-m52kgwdanimation_gwd-keyframes 4.2s linear 0s infinite normal forwards;
    animation: gwd-gen-m52kgwdanimation_gwd-keyframes 4.2s linear 0s infinite normal forwards;
}
body .gwd-gen-fu0zgwdanimation {
    -webkit-animation: gwd-gen-fu0zgwdanimation_gwd-keyframes 4.2s linear 0s infinite normal forwards;
    -moz-animation: gwd-gen-fu0zgwdanimation_gwd-keyframes 4.2s linear 0s infinite normal forwards;
    animation: gwd-gen-fu0zgwdanimation_gwd-keyframes 4.2s linear 0s infinite normal forwards;
}</style>
</head>

<body>
  <div class="gwd-div-23hz gwd-new-class-x4j2 gwd-gen-fu0zgwdanimation"><span class="gwd-span-s8cs"><a href="https://www.youtube.com/watch?v=vK03NEXXnvo">EXPLODING KNEES</a></span>
    <gwd_animation_label_element data-label-name="label-1" data-label-time="1200" data-label-animation-class-name="label-1"></gwd_animation_label_element>
    <div class="gwd-animation-event event-2-animation" data-event-name="event-2" data-event-time="1200"></div>
  </div>
  <div class="gwd-div-9rqj gwd-gen-m52kgwdanimation"><span class="gwd-span-6j4z">I &lt;3 Memes</span>
  </div>
  
  <audio loop autoplay>
    <source src="memes.mp3" type="audio/mpeg">
    <source src="memes.ogg" type="audio/ogg">
    <source src="memes.mp3">
  </audio>

</body></html>
